0 0 26 15
1 0 28 31
2 22 8 49
3 0 13 31
4 0 17 43
5 4 23 30 18 51 24
6 0 7 33
7 11 6 44 42 46
8 0 2 15
9 0 43 55
10 24 53 12
11 0 45 56
12 0 19 10
13 5 3 37 48 20
14 0 24 33
15 21 44 8 25 0
16 17 36 47
17 0 4 33
18 0 5 43
19 0 27 12
20 0 54 13
21 0 34 28
22 0 31 32
23 0 5 37
24 0 14 5
25 0 35 15
26 0 0 43
27 12 19 40 50
28 0 51 1 21 55 42
29 0 56 49
30 0 5 31
31 14 22 50 30 1 3
32 0 22 41
33 3 14 35 6 17 34
34 0 33 21
35 0 25 33
36 0 16 40
37 0 23 13
38 0 45 41
39 18 47
40 0 36 27
41 20 53 32 52 38
42 0 28 7
43 6 18 26 9 4 46
44 0 7 15
45 25 54 11 38
46 0 43 7
47 0 39 16
48 0 13 52
49 0 2 29
50 0 31 27
51 0 28 5
52 0 48 41
53 0 10 41
54 0 45 20
55 0 9 28
56 16 11 29
