valve_connections: [
        [
            0,
            3,
            2,
            1,
            2,
            5,
            2,
        ],
        [
            3,
            0,
            1,
            2,
            3,
            6,
            5,
        ],
        [
            2,
            3,
            0,
            1,
            2,
            5,
            4,
        ],
        [
            3,
            2,
            1,
            0,
            1,
            4,
            5,
        ],
        [
            4,
            3,
            2,
            1,
            0,
            3,
            6,
        ],
        [
            7,
            6,
            5,
            4,
            3,
            0,
            9,
        ],
        [
            2,
            5,
            4,
            3,
            4,
            7,
            0,  
        ],
    ]